x1 = 1.4400000000000002
x2 = 0.7333333333333334
x3 = -1.5066666666666664
